AHALL00302,AHALL00202
ADEPT00102,AHALL00502
AHALL01001,ASTAI00101
AREST00103,AHALL00603
AHALL00202,AHALL00102
AHALL00602,AHALL00102
ALABS00203,AHALL00303
ALABS00103,AHALL00203
AHALL01001,AHALL00201
AHALL002L2,AEXIT001L2
AHALL00101,AHALL00901
AELEV00S03,AHALL00103
AHALL004L2,ALABS001L2
AREST00101,AHALL00901
AHALL00401,AHALL00801
ACONF00103,AHALL00503
AHALL00601,ADEPT00201
AHALL00701,AHALL00501
AINFO001L2,AHALL002L2
AHALL00501,AHALL00401
ASTAI00102,ASTAI00101
ADEPT00101,AHALL00401
AHALL00301,AHALL00201
AHALL00603,AHALL00503
AHALL00901,AHALL01001
ACONF00102,AHALL00102
ASTAI00101,AHALL00201
AHALL00502,AHALL00402
ASTAI00101,AHALL00101
ASTAI00102,AHALL00202
AHALL00503,AHALL00403
AHALL01001,AHALL00101
AHALL00403,AHALL00303
AHALL00303,AHALL00203
AHALL003L2,AHALL004L2
AHALL00203,AHALL00103
AHALL002L2,AHALL003L2
AHALL002L2,AHALL001L2
AHALL00201,AHALL00901
ARETL00101,AHALL00101
AELEV00S01,AHALL00801
AHALL001L2,AELEV00SL2
AHALL00701,ADEPT00301
AHALL00801,AHALL00301
AHALL00601,AHALL00501
AHALL00401,AHALL00301
AHALL00201,AHALL00101
AELEV00S02,AHALL00402
AHALL00402,AHALL00302
AHALL00602,WHALL01002
WHALL00402,BSTAI00102
BHALL04202,WELEV00H02
BDEPT00902,WELEV00E02
BINFO00202,WELEV00F02
BSTAI00102,BHALL00102
BHALL00102,BHALL00202
BHALL00202,BHALL00502
BHALL00502,BDEPT00402
BDEPT00402,BHALL00602
BHALL00602,BHALL00702
BHALL00702,BHALL01002
BHALL01102,BHALL01202
BHALL01202,BHALL01302
BHALL01302,BDEPT00802
BDEPT00802,BSTAI00602
BHALL01402,WHALL00102
BHALL00102,BSTAI01002
BSTAI01002,WELEV00K02
BHALL00402,BLABS00102
BHALL00402,BREST00302
BREST00302,BSTAI00902
BSTAI00902,WHALL00602
BHALL00402,BHALL03102
BHALL03102,BSTAI00802
BSTAI00802,BREST00402
BREST00402,BHALL03202
BHALL00602,BREST00202
BREST00202,BHALL00802
BHALL00802,BSTAI00302
BHALL00702,BHALL01502
BHALL01002,BHALL01602
BHALL01202,BSTAI00502
BHALL01102,BHALL02302
BHALL00602,BHALL01802
BHALL01802,BDEPT00502
BHALL02202,BHALL02302
BHALL03002,BSTAI00702
BHALL02102,BSERV00102
BHALL02302,BINFO00102
BINFO00102,BLABS00202
BINFO00202,BHALL02502
BHALL02502,BHALL02602
BHALL02702,BHALL02802
BHALL02602,BHALL01402
BHALL00202,BSTAI00202
BSTAI00202,BHALL03802
BHALL01202,WELEV00G02
BSTAI00502,WELEV00G02
BHALL00302,BHALL03402
BREST00102,BHALL03402
BDEPT00202,BHALL03402
BCONF00102,BHALL03402
BHALL00302,WELEV00K02
BHALL03502,BHALL00302
BHALL03502,BHALL00402
BHALL03102,BHALL03302
BHALL01902,BDEPT00502
BHALL01902,BHALL02002
BHALL02002,BHALL02102
BHALL02202,BHALL02102
BDEPT00102,BHALL03802
BHALL03602,BHALL03802
BHALL03702,BHALL03602
BHALL00902,BHALL03702
BHALL01102,BHALL01002
BHALL01302,BINFO00202
BDEPT00902,BHALL01402
BHALL00502,WELEV00J02
BDEPT00302,WELEV00J02
BHALL01902,BHALL04102
BHALL04102,WELEV00H02
BHALL02002,BHALL04202
BHALL04202,BHALL04302
BHALL04302,BHALL02902
BREST00502,BHALL02902
BHALL03002,BREST00502
BHALL02602,BHALL02702
BSTAI00602,WELEV00E02
BSTAI00502,BDEPT00702
BDEPT00702,BHALL01702
BINFO00102,BHALL04402
BHALL04402,BHALL02802
BHALL04402,WELEV00F02
BHALL04402,BINFO00202
BSTAI00602,BDEPT00902
BHALL00502,BDEPT00302
BHALL03002,BHALL03302
BSTAI01002,BHALL00302
BDEPT00602,BHALL03302
BHALL04102,BHALL04202
BSTAI00802,ESTAI00401
BSTAI00702,ESTAI00301
CCONF002L1,WELEV00HL1
CCONF003L1,CHALL002L1
CDEPT002L1,CDEPT003L1
CDEPT003L1,CHALL014L1
CDEPT004L1,CHALL002L1
CHALL001L1,CREST001L1
CHALL001L2,WELEV00JL2
CHALL002L1,CSERV001L1
CHALL002L2,CREST001L2
CHALL003L1,CCONF003L1
CHALL003L1,CLABS004L1
CHALL003L2,CHALL002L2
CHALL003L2,WELEV00KL2
CHALL004L1,CREST004L1
CHALL004L2,CHALL003L2
CHALL005L1,WELEV00ML1
CHALL005L2,CHALL006L2
CHALL005L2,WELEV00ML2
CHALL006L1,CHALL007L1
CHALL006L2,CHALL007L2
CHALL007L1,CHALL008L1
CHALL007L2,CHALL008L2
CHALL008L1,CDEPT004L1
CHALL008L1,WELEV00KL1
CHALL008L2,CHALL009L2
CHALL008L2,WELEV00LL2
CHALL009L1,CHALL010L1
CHALL009L1,CRETL001L1
CHALL009L2,CHALL010L2
CHALL010L1,CREST003L1
CHALL010L2,CHALL004L2
CHALL011L1,WELEV00JL1
CHALL012L1,CHALL013L1
CHALL013L1,CDEPT002L1
CHALL014L1,WELEV00LL1
CHALL015L1,CCONF001L1
CHALL015L1,CHALL011L1
CLABS001L1,CREST002L1
CLABS001L2,CHALL001L2
CLABS002L1,CHALL005L1
CLABS002L1,CREST001L1
CLABS002L2,WELEV00KL2
CLABS003L1,CHALL006L1
CLABS004L1,CLABS003L1
CLABS005L1,CHALL003L1
CREST001L2,CLABS001L2
CREST002L1,CHALL006L1
CREST002L2,CSERV001L2
CREST003L1,CHALL015L1
CREST004L1,CLABS005L1
CRETL001L1,CHALL012L1
CSERV001L1,CCONF002L1
CSERV001L2,CLABS002L2
WELEV00HL1,CHALL004L1
WELEV00KL1,CHALL009L1
WELEV00LL1,CHALL001L1
WELEV00ML1,CLABS001L1
WELEV00ML2,CREST002L2
WHALL001L2,CHALL005L2
DHALL00102,DHALL00202
DHALL00202,DHALL00302
DHALL00302,DHALL00402
DHALL00302,DHALL00502
DHALL00502,DHALL00602
DHALL00602,DHALL00702
DHALL00702,DHALL00802
DHALL00802,DHALL00902
DHALL00902,DHALL01002
DHALL01002,DHALL01102
DHALL01102,DHALL01202
DHALL01202,DHALL01302
DHALL01302,DHALL01402
DHALL00902,DSTAI00102
DHALL01202,DCONF00102
DHALL01402,DELEV00A02
DHALL01202,DHALL01502
DHALL01502,DHALL01602
DHALL01602,DHALL01702
DHALL01602,DHALL01802
DHALL01802,DSTAI00202
DSTAI00202,DHALL01902
DHALL01902,DHALL02002
DHALL02002,DHALL02102
DHALL02102,DHALL02202
DHALL02202,DHALL02302
DHALL02302,DHALL02402
DHALL02102,DRETL00102
DHALL02202,DSTAI00302
DHALL01802,DHALL02602
DHALL02602,DHALL02502
DHALL02502,DEXIT00102
DHALL02502,DDEPT00102
DHALL02502,DDEPT00202
DHALL02602,DHALL02702
DHALL02702,DHALL02802
DHALL02802,DHALL02902
DHALL02902,DHALL03002
DHALL02702,DINFO00102
DHALL02802,DSTAI00402
DHALL03002,DELEV00B02
DHALL03002,DREST00102
DHALL02902,DHALL03102
DHALL03102,DHALL03202
DHALL03202,DSTAI00502
DHALL03102,DHALL03302
DHALL03302,DHALL03402
DHALL03402,DHALL03502
DHALL03502,DHALL03602
DHALL03602,DHALL03702
DHALL03702,DHALL03802
DHALL03602,DSTAI00602
DHALL03702,DELEV00C02
DHALL03302,DHALL03902
DHALL03902,DREST00202
DHALL03902,DDEPT00302
DDEPT00302,DHALL04002
DHALL04002,DHALL04102
DHALL04002,DSTAI00702
DHALL03302,DHALL04202
DHALL04202,DHALL04302
DHALL04302,DHALL04402
DHALL04202,DHALL04502
DHALL04502,DLABS00102
DHALL04502,DHALL04602
DHALL04602,DHALL04702
DHALL04702,DHALL04802
DHALL04702,DHALL04902
DHALL04902,DREST00302
DHALL04902,DHALL05002
DHALL05002,DHALL05102
DHALL05102,DSTAI00802
DHALL05002,DHALL05202
DHALL05202,DREST00402
DHALL05202,DHALL05302
DHALL05302,DINFO00202
DHALL05302,DHALL05402
DHALL05402,DHALL05502
DHALL05402,DHALL05802
DHALL05502,DHALL05602
DHALL05602,DHALL05702
DHALL05602,DELEV00D02
DHALL05802,DDEPT00402
PHALL00102,DHALL02602
WHALL00201,ESTAI00101
ESTAI00101,EHALL00301
EHALL00301,WELEV00K01
EHALL00301,EHALL00401
EHALL00401,ESTAI00201
ESTAI00201,EEXIT00101
EHALL00401,EHALL00501
EHALL00501,EHALL00601
EHALL00601,EHALL00701
EHALL00701,EDEPT00101
EHALL00701,WELEV00J01
EHALL00601,EHALL00801
EHALL00801,EINFO00101
EHALL00801,EHALL00901
EHALL00901,EHALL01001
EHALL00901,EHALL01101
EHALL01101,EHALL01201
EHALL01201,EHALL01301
EHALL01301,EHALL01401
EHALL01101,EHALL01501
EHALL01501,EHALL01601
EHALL01601,EHALL01701
EHALL01601,EHALL01801
EHALL01801,WELEV00G01
WELEV00G01,EHALL01901
EHALL01901,EHALL02001
EHALL02001,EREST00101
EREST00101,EEXIT00201
EHALL02001,ELABS00101
EHALL01901,EDEPT00201
EDEPT00201,EDEPT00301
EDEPT00301,EHALL02101
EHALL02101,EHALL02201
EHALL02201,WELEV00E01
EHALL02201,EHALL02301
EHALL01401,EHALL02401
EHALL02401,EHALL02501
EHALL01801,EHALL02501
EHALL02501,EREST00201
EREST00201,WELEV00F01
WELEV00F01,EHALL02601
EHALL02601,EHALL02701
EHALL02501,EHALL02801
EHALL02401,EHALL02901
EHALL02901,WELEV00H01
EHALL02901,EHALL03001
EHALL03001,ESTAI00301
ESTAI00301,EREST00301
EREST00301,ELABS00201
ELABS00201,EDEPT00401
EDEPT00401,EHALL03101
EDEPT00401,EHALL03201
EHALL03201,EHALL03301
EHALL03301,ESTAI00401
EHALL03101,EHALL03401
EHALL03101,EHALL03501
EHALL03501,EHALL03601
FHALL00101,WHALL00101
FHALL00101,FHALL00201
FHALL00201,FSTAI00101
FHALL00301,FEXIT00101
FHALL00201,FHALL00301
FHALL00301,FHALL00401
FRETL00101,FHALL00401
FHALL00401,FHALL00501
FHALL00501,FSERV00101
FHALL00601,FHALL00501
WELEV00L01,FHALL00601
FHALL00701,WELEV00L01
FHALL00801,FHALL00701
FHALL00901,FHALL00801
FHALL00901,FHALL01301
FHALL01001,FHALL01301
FSTAI00201,FHALL01001
FHALL01101,FHALL00901
FDEPT00101,FHALL01301
FHALL01201,FHALL01101
FHALL01401,FHALL01101
FHALL01401,FSERV00201
FHALL01501,FHALL01401
FHALL01601,FHALL01501
FSERV00401,FHALL01701
FDEPT00301,FHALL01701
FHALL01701,FHALL01801
FHALL01801,FHALL00701
FHALL01801,FHALL03201
FHALL01901,FHALL01601
FDEPT00201,FHALL02001
FSERV00301,FHALL02001
FHALL01901,FHALL02001
FHALL01901,FHALL02101
FDEPT00401,FHALL02101
FHALL02201,FHALL02101
FHALL02201,WELEV00M01
WELEV00M01,FHALL02301
FLABS00101,FHALL02301
FHALL02301,FHALL02401
FHALL02401,FHALL02501
FSTAI00301,FHALL02501
FHALL02601,FHALL03101
FHALL02501,FHALL02601
FHALL02701,FHALL02601
FHALL02201,FHALL02801
FHALL02801,FEXIT00201
FHALL02901,FHALL02801
FHALL02901,FINFO00101
FSERV00501,FHALL02901
FSERV00501,FHALL03001
FRETL00201,FHALL03001
FHALL03101,FHALL00201
FHALL03101,FREST00101
FDEPT00501,FEXIT00301
FHALL03201,FHALL01601
FHALL03201,FDEPT00601
FHALL02701,FHALL03301
FHALL03301,FDEPT00501
WHALL002L2,GHALL001L2
GHALL001L2,GLABS003L2
GLABS003L2,GREST004L2
GREST004L2,GHALL005L2
GHALL005L2,GELEV00QL2
GELEV00QL2,GHALL007L2
GHALL007L2,GHALL008L2
GHALL007L2,GHALL009L2
GHALL009L2,GHALL010L2
GHALL010L2,GHALL011L2
GHALL011L2,GHALL012L2
GHALL012L2,GHALL013L2
GHALL013L2,GLABS014L2
GLABS014L2,GLABS015L2
GLABS015L2,GHALL016L2
GHALL016L2,GHALL017L2
GEXIT00101,GHALL00201
GEXIT00101,GSTAI01301
GHALL00201,GHALL00301
GSTAI00501,GHALL00601
GHALL00601,GHALL00701
GHALL00701,GHALL00801
GHALL00801,GHALL00901
GHALL00901,GHALL01001
GHALL00601,GREST01201
GHALL00601,GSTAI01301
GHALL01401,GHALL00801
GHALL01401,GHALL01501
GHALL01501,GHALL01601
GHALL00701,GHALL01701
GHALL01701,GELEV00Q01
GELEV00Q01,GDEPT01901
GDEPT01901,GCONF02001
GHALL00301,GHALL02101
GHALL02101,GHALL02201
GHALL02201,GSERV02301
GSERV02301,GHALL02401
GHALL02401,GELEV00N01
GHALL02101,GHALL02801
GHALL02801,GHALL02901
GHALL02901,GHALL03001
GHALL03001,GHALL03101
GHALL03001,GHALL03301
GHALL03301,GHALL03401
GHALL03401,GRETL03501
WHALL00902,GHALL03702
GHALL03702,GHALL03802
GHALL03702,GHALL03602
GHALL03702,GHALL03302
GHALL03602,GDEPT03502
GHALL03802,GHALL03402
GDEPT03502,GHALL03002
GHALL03002,GREST03102
GREST03102,GHALL03202
GELEV00Q02,GREST03102
GHALL03302,GHALL03402
GHALL03302,GHALL03202
GHALL03402,GHALL02902
GHALL03202,GSTAI02802
GSTAI02802,GHALL02902
GHALL02902,GHALL02702
GHALL02702,GSTAI02602
GSTAI02602,GELEV00N02
GELEV00N02,GDEPT02402
GDEPT02402,GHALL03002
GDEPT02402,GHALL01702
GHALL01702,GINFO01902
GINFO01902,GHALL01802
GHALL01802,GHALL02002
GHALL02002,GHALL02102
GHALL02102,GINFO01902
GHALL02002,GHALL02202
GHALL02202,GHALL02302
GHALL02102,GHALL02302
GHALL02302,GHALL02702
GHALL02202,WHALL00802
GHALL01702,GHALL01602
GHALL01602,GHALL01502
GHALL01602,GHALL01402
GHALL01502,GHALL01302
GHALL01402,GHALL01202
GHALL01402,GHALL01302
GHALL01302,GHALL01102
GHALL01102,GHALL01202
GHALL01102,GDEPT00702
GHALL01202,GHALL01002
GHALL01002,GDEPT00702
GDEPT00702,GHALL00502
GHALL01002,GREST00602
GREST00602,GHALL00502
GHALL00502,GHALL00302
GHALL00302,GHALL00402
GHALL00402,GREST00602
GHALL00402,GHALL00202
GHALL00202,GHALL00102
GHALL00102,GHALL00302
GHALL00103,GHALL00203
GHALL00203,GHALL00303
GHALL00303,GDEPT00403
GDEPT00403,GELEV00Q03
GELEV00Q03,GHALL00603
GHALL00603,GHALL00703
GHALL00603,GHALL00803
GHALL00803,GSTAI00903
GDEPT00403,GHALL01003
GHALL01003,GHALL01103
GHALL01103,GREST01203
GHALL01003,GHALL01303
GHALL01303,GDEPT01403
GDEPT01403,GELEV00N03
GDEPT01403,GSERV01603
GEXIT001L1,GHALL002L1
GHALL002L1,GHALL003L1
GHALL003L1,GHALL004L1
GHALL003L1,GHALL005L1
GHALL005L1,GSTAI008L1
GHALL005L1,GHALL006L1
GHALL006L1,GELEV00QL1
GSTAI00903,GSTAI02602
GSTAI02802,GSTAI00501
GSTAI008L1,GSTAI01301
WELEV00L02,HHALL00102
HHALL00102,HHALL00202
HHALL00202,HRETL00102
HHALL00202,HHALL00302
HHALL00302,HSTAI00102
HHALL00302,WHALL00302
HHALL00102,HHALL00402
HHALL00402,HHALL00502
HHALL00502,HRETL00202
HRETL00202,HBATH00102
HHALL00502,HRETL00302
HHALL00502,HHALL00602
HHALL00602,HHALL00702
HHALL00702,HSTAI00202
HHALL00702,HHALL00802
HHALL00802,HSTAI00302
HHALL00802,HHALL00902
HHALL00902,WHALL00702
HHALL00902,WELEV00M02
WELEV00M02,HHALL01002
HHALL01002,HDEPT00102
HHALL01002,WHALL00502
WHALL00103,WELEV00M03
WELEV00M03,HHALL00503
HHALL00503,HSTAI00103
HHALL00503,HHALL00403
HHALL00403,HHALL00303
HHALL00303,HHALL00203
HHALL00203,HLABS00103
HHALL00303,HHALL00103
WELEV00L03,HHALL00603
HHALL00603,HHALL00703
HHALL00703,HDEPT00103
HHALL00703,HHALL00803
HHALL00803,HSERV00103
HHALL00803,HHALL00903
HHALL00903,HHALL01003
HHALL01003,HBATH00103
HHALL00903,HHALL01103
HHALL01103,HDEPT00203
HHALL01103,HHALL01203
HHALL01203,HHALL01303
HHALL01303,HHALL01403
HHALL01403,HHALL01503
HHALL01503,HBATH00203
HHALL01503,HHALL00603
HSTAI00102,FSTAI00101
WHALL00203,IHALL00103
IHALL00103,IHALL00203
IHALL00203,IHALL00303
IHALL00303,IHALL00403
IHALL00403,IHALL00503
IHALL00503,IHALL00603
IHALL00603,IHALL00703
IHALL00703,IHALL00803
IHALL00803,IHALL01003
IHALL01003,IHALL00903
IHALL01003,IHALL01103
IHALL01303,IHALL01203
IHALL01203,IHALL01503
IHALL01303,IHALL01403
IHALL01403,IHALL01703
IHALL01703,IHALL01603
IHALL01703,IHALL01803
IHALL01803,IHALL01903
IHALL01903,IHALL02003
IHALL00103,IREST00103
IHALL00403,IREST00203
IHALL00803,IREST00303
IHALL01303,IREST00403
IHALL01403,IREST00503
IHALL00203,IDEPT00103
IHALL00303,IDEPT00203
IHALL00503,IDEPT00303
IHALL00703,IDEPT00403
IHALL01003,IDEPT00503
IHALL02203,IDEPT00603
IHALL02203,IDEPT00703
IHALL01903,IDEPT00803
IHALL02003,IDEPT00903
IHALL01003,WELEV00H03
IHALL01203,WELEV00K03
IHALL01303,IHALL00203
WELEV00J03,IHALL01803
WELEV00J03,IHALL02203
WELEV00E01,WELEV00E02
WELEV00F01,WELEV00F02
WELEV00G01,WELEV00G02
WELEV00HL1,WELEV00H01
WELEV00HL1,WELEV00H02
WELEV00HL1,WELEV00H03
WELEV00H01,WELEV00H02
WELEV00H01,WELEV00H03
WELEV00H02,WELEV00H03
WELEV00JL2,WELEV00JL1
WELEV00JL2,WELEV00J01
WELEV00JL2,WELEV00J02
WELEV00JL2,WELEV00J03
WELEV00JL1,WELEV00J01
WELEV00JL1,WELEV00J02
WELEV00JL1,WELEV00J03
WELEV00J01,WELEV00J02
WELEV00J01,WELEV00J03
WELEV00J02,WELEV00J03
WELEV00KL2,WELEV00KL1
WELEV00KL2,WELEV00K01
WELEV00KL2,WELEV00K02
WELEV00KL2,WELEV00K03
WELEV00KL1,WELEV00K01
WELEV00KL1,WELEV00K02
WELEV00KL1,WELEV00K03
WELEV00K01,WELEV00K02
WELEV00K01,WELEV00K03
WELEV00K02,WELEV00K03
WELEV00LL2,WELEV00LL1
WELEV00LL2,WELEV00L01
WELEV00LL2,WELEV00L02
WELEV00LL2,WELEV00L03
WELEV00LL1,WELEV00L01
WELEV00LL1,WELEV00L02
WELEV00LL1,WELEV00L03
WELEV00L01,WELEV00L02
WELEV00L01,WELEV00L03
WELEV00L02,WELEV00L03
WELEV00ML2,WELEV00ML1
WELEV00ML2,WELEV00M01
WELEV00ML2,WELEV00M02
WELEV00ML2,WELEV00M03
WELEV00ML1,WELEV00M01
WELEV00ML1,WELEV00M02
WELEV00ML1,WELEV00M03
WELEV00M01,WELEV00M02
WELEV00M01,WELEV00M03
WELEV00M02,WELEV00M03
WHALL001L2,WHALL002L2
WHALL00101,WHALL00201
WHALL00103,WHALL00203
WHALL00102,WHALL00202
WHALL00302,WHALL00402
WHALL00502,WHALL00602
WHALL00702,WHALL00802
WHALL00902,WHALL01002
GELEV00N01,GELEV00N02
GELEV00N01,GELEV00N03
GELEV00N02,GELEV00N03
GELEV00QL2,GELEV00QL1
GELEV00QL2,GELEV00Q01
GELEV00QL2,GELEV00Q02
GELEV00QL2,GELEV00Q03
GELEV00QL1,GELEV00Q01
GELEV00QL1,GELEV00Q02
GELEV00QL1,GELEV00Q03
GELEV00Q01,GELEV00Q02
GELEV00Q01,GELEV00Q03
GELEV00Q02,GELEV00Q03
AELEV00SL2,AELEV00S01
AELEV00SL2,AELEV00S02
AELEV00SL2,AELEV00S03
AELEV00S01,AELEV00S02
AELEV00S01,AELEV00S03
AELEV00S02,AELEV00S03
WHALL00202,DDEPT00402
CCONF002L1,WELEV00HL1
CCONF003L1,CHALL002L1
CDEPT002L1,CDEPT003L1
CDEPT003L1,CHALL014L1
CDEPT004L1,CHALL002L1
CHALL001L1,CREST001L1
CHALL002L1,CSERV001L1
CHALL003L1,CCONF003L1
CHALL003L1,CLABS004L1
CHALL004L1,CREST004L1
CHALL005L1,WELEV00ML1
CHALL006L1,CHALL007L1
CHALL007L1,CHALL008L1
CHALL008L1,CDEPT004L1
CHALL008L1,WELEV00KL1
CHALL009L1,CHALL010L1
CHALL009L1,CRETL001L1
CHALL010L1,CREST003L1
CHALL011L1,WELEV00JL1
CHALL012L1,CHALL013L1
CHALL013L1,CDEPT002L1
CHALL014L1,WELEV00LL1
CHALL015L1,CCONF001L1
CHALL015L1,CHALL011L1
CLABS001L1,CREST002L1
CLABS002L1,CHALL005L1
CLABS002L1,CREST001L1
CLABS003L1,CHALL006L1
CLABS004L1,CLABS003L1
CLABS005L1,CHALL003L1
CREST002L1,CHALL006L1
CREST003L1,CHALL015L1
CREST004L1,CLABS005L1
CRETL001L1,CHALL012L1
CSERV001L1,CCONF002L1
WELEV00HL1,CHALL004L1
WELEV00KL1,CHALL009L1
WELEV00LL1,CHALL001L1
WELEV00ML1,CLABS001L1
GEXIT001L1,GHALL002L1
GHALL002L1,GHALL003L1
GHALL003L1,GHALL004L1
GHALL003L1,GHALL005L1
GHALL005L1,GSTAI008L1
GHALL005L1,GHALL006L1
GHALL006L1,GELEV00QL1
CCONF002L1,WELEV00HL1
CCONF003L1,CHALL002L1
CDEPT002L1,CDEPT003L1
CDEPT003L1,CHALL014L1
CDEPT004L1,CHALL002L1
CHALL001L1,CREST001L1
CHALL002L1,CSERV001L1
CHALL003L1,CCONF003L1
CHALL003L1,CLABS004L1
CHALL004L1,CREST004L1
CHALL005L1,WELEV00ML1
CHALL006L1,CHALL007L1
CHALL007L1,CHALL008L1
CHALL008L1,CDEPT004L1
CHALL008L1,WELEV00KL1
CHALL009L1,CHALL010L1
CHALL009L1,CRETL001L1
CHALL010L1,CREST003L1
CHALL011L1,WELEV00JL1
CHALL012L1,CHALL013L1
CHALL013L1,CDEPT002L1
CHALL014L1,WELEV00LL1
CHALL015L1,CCONF001L1
CHALL015L1,CHALL011L1
CLABS001L1,CREST002L1
CLABS002L1,CHALL005L1
CLABS002L1,CREST001L1
CLABS003L1,CHALL006L1
CLABS004L1,CLABS003L1
CLABS005L1,CHALL003L1
CREST002L1,CHALL006L1
CREST003L1,CHALL015L1
CREST004L1,CLABS005L1
CRETL001L1,CHALL012L1
CSERV001L1,CCONF002L1
WELEV00HL1,CHALL004L1
WELEV00KL1,CHALL009L1
WELEV00LL1,CHALL001L1
WELEV00ML1,CLABS001L1
GEXIT001L1,GHALL002L1
GHALL002L1,GHALL003L1
GHALL003L1,GHALL004L1
GHALL003L1,GHALL005L1
GHALL005L1,GSTAI008L1
GHALL005L1,GHALL006L1
GHALL006L1,GELEV00QL1
